[gd_scene load_steps=8 format=3 uid="uid://0446addxasvd"]

[ext_resource type="PackedScene" uid="uid://bypjr8y06p4s8" path="res://player.tscn" id="2_0xm2m"]
[ext_resource type="Script" uid="uid://bvsogxgcesb8d" path="res://camera.gd" id="3_h2yge"]

[sub_resource type="ProceduralSkyMaterial" id="ProceduralSkyMaterial_h2yge"]
sky_top_color = Color(0.0276541, 0.0755392, 0.176058, 1)
sky_horizon_color = Color(0.591508, 0.483881, 0.427007, 1)
ground_bottom_color = Color(0.107466, 0.0694454, 0.0726862, 1)
ground_horizon_color = Color(0.599415, 0.499498, 0.475582, 1)

[sub_resource type="Sky" id="Sky_1bvp3"]
sky_material = SubResource("ProceduralSkyMaterial_h2yge")

[sub_resource type="Environment" id="Environment_lquwl"]
background_mode = 2
sky = SubResource("Sky_1bvp3")

[sub_resource type="BoxMesh" id="BoxMesh_7dm0k"]
size = Vector3(5, 10, 8)

[sub_resource type="BoxShape3D" id="BoxShape3D_7dm0k"]
size = Vector3(5, 10, 8)

[node name="Main" type="Node3D"]

[node name="WorldEnvironment" type="WorldEnvironment" parent="."]
environment = SubResource("Environment_lquwl")

[node name="Geometry" type="Node3D" parent="."]

[node name="Cube" type="MeshInstance3D" parent="Geometry"]
transform = Transform3D(1, 0, -6.70552e-08, 0, 1, 0, 6.70552e-08, 0, 1, 6, -5, -2.05274)
mesh = SubResource("BoxMesh_7dm0k")
metadata/_edit_group_ = true

[node name="StaticBody3D" type="StaticBody3D" parent="Geometry/Cube"]
collision_mask = 3

[node name="CollisionShape3D" type="CollisionShape3D" parent="Geometry/Cube/StaticBody3D"]
shape = SubResource("BoxShape3D_7dm0k")

[node name="Cube7" type="MeshInstance3D" parent="Geometry"]
transform = Transform3D(0.258819, 0.965926, -1.73552e-08, -0.965926, 0.258819, 6.47704e-08, 6.70552e-08, -2.11758e-22, 1, 12.758, -1.33683, -2.05274)
mesh = SubResource("BoxMesh_7dm0k")
metadata/_edit_group_ = true

[node name="StaticBody3D" type="StaticBody3D" parent="Geometry/Cube7"]
collision_mask = 3

[node name="CollisionShape3D" type="CollisionShape3D" parent="Geometry/Cube7/StaticBody3D"]
shape = SubResource("BoxShape3D_7dm0k")

[node name="Cube8" type="MeshInstance3D" parent="Geometry"]
transform = Transform3D(0.670815, 0.741625, -4.49817e-08, -0.741625, 0.670815, 4.97298e-08, 6.70552e-08, -4.79257e-15, 1, 16.758, 0.603675, -2.05274)
mesh = SubResource("BoxMesh_7dm0k")
metadata/_edit_group_ = true

[node name="StaticBody3D" type="StaticBody3D" parent="Geometry/Cube8"]
collision_mask = 3

[node name="CollisionShape3D" type="CollisionShape3D" parent="Geometry/Cube8/StaticBody3D"]
shape = SubResource("BoxShape3D_7dm0k")

[node name="Cube2" type="MeshInstance3D" parent="Geometry"]
transform = Transform3D(1, 0, 6.70552e-08, 0, 1, 0, -6.70552e-08, 0, 1, -12.5582, -5, -2.05274)
mesh = SubResource("BoxMesh_7dm0k")
metadata/_edit_group_ = true

[node name="StaticBody3D" type="StaticBody3D" parent="Geometry/Cube2"]
collision_mask = 3

[node name="CollisionShape3D" type="CollisionShape3D" parent="Geometry/Cube2/StaticBody3D"]
shape = SubResource("BoxShape3D_7dm0k")

[node name="Cube3" type="MeshInstance3D" parent="Geometry"]
transform = Transform3D(1, 0, 6.70552e-08, 0, 1, 0, -6.70552e-08, 0, 1, 1.45493, -11.6464, -2.05274)
mesh = SubResource("BoxMesh_7dm0k")
metadata/_edit_group_ = true

[node name="StaticBody3D" type="StaticBody3D" parent="Geometry/Cube3"]
collision_mask = 3

[node name="CollisionShape3D" type="CollisionShape3D" parent="Geometry/Cube3/StaticBody3D"]
shape = SubResource("BoxShape3D_7dm0k")

[node name="Cube10" type="MeshInstance3D" parent="Geometry"]
transform = Transform3D(1, 0, 6.70552e-08, 0, 1, 0, -6.70552e-08, 0, 1, 2.78537, -26.2878, -2.05274)
mesh = SubResource("BoxMesh_7dm0k")
metadata/_edit_group_ = true

[node name="StaticBody3D" type="StaticBody3D" parent="Geometry/Cube10"]
collision_mask = 3

[node name="CollisionShape3D" type="CollisionShape3D" parent="Geometry/Cube10/StaticBody3D"]
shape = SubResource("BoxShape3D_7dm0k")

[node name="Cube4" type="MeshInstance3D" parent="Geometry"]
transform = Transform3D(1, 0, 6.70552e-08, 0, 1, 0, -6.70552e-08, 0, 1, -9.97236, -11.6464, -2.05274)
mesh = SubResource("BoxMesh_7dm0k")
metadata/_edit_group_ = true

[node name="StaticBody3D" type="StaticBody3D" parent="Geometry/Cube4"]
collision_mask = 3

[node name="CollisionShape3D" type="CollisionShape3D" parent="Geometry/Cube4/StaticBody3D"]
shape = SubResource("BoxShape3D_7dm0k")

[node name="Cube6" type="MeshInstance3D" parent="Geometry"]
transform = Transform3D(0.258819, -0.965926, 1.73552e-08, 0.965926, 0.258819, 6.47704e-08, -6.70552e-08, 0, 1, -9.97236, -11.6464, -2.05274)
mesh = SubResource("BoxMesh_7dm0k")
metadata/_edit_group_ = true

[node name="StaticBody3D" type="StaticBody3D" parent="Geometry/Cube6"]
collision_mask = 3

[node name="CollisionShape3D" type="CollisionShape3D" parent="Geometry/Cube6/StaticBody3D"]
shape = SubResource("BoxShape3D_7dm0k")

[node name="Cube9" type="MeshInstance3D" parent="Geometry"]
transform = Transform3D(0.258819, -0.965926, 1.73552e-08, 0.965926, 0.258819, 6.47704e-08, -6.70552e-08, 0, 1, -1.73287, -25.602, -2.05274)
mesh = SubResource("BoxMesh_7dm0k")
metadata/_edit_group_ = true

[node name="StaticBody3D" type="StaticBody3D" parent="Geometry/Cube9"]
collision_mask = 3

[node name="CollisionShape3D" type="CollisionShape3D" parent="Geometry/Cube9/StaticBody3D"]
shape = SubResource("BoxShape3D_7dm0k")

[node name="Cube5" type="MeshInstance3D" parent="Geometry"]
transform = Transform3D(0.0871558, 0, -0.996195, 0, 1, 0, 0.996195, 0, 0.0871558, -4.16214, -11.6464, -7.37086)
mesh = SubResource("BoxMesh_7dm0k")
metadata/_edit_group_ = true

[node name="StaticBody3D" type="StaticBody3D" parent="Geometry/Cube5"]
collision_mask = 3

[node name="CollisionShape3D" type="CollisionShape3D" parent="Geometry/Cube5/StaticBody3D"]
shape = SubResource("BoxShape3D_7dm0k")

[node name="Player" parent="." instance=ExtResource("2_0xm2m")]
transform = Transform3D(1, 0, 0, 0, 1, 0, 0, 0, 1, 6, 0.8, 0)

[node name="CameraPivot" type="Node3D" parent="."]
transform = Transform3D(1, 0, 0, 0, 0.965926, 0.258819, 0, -0.258819, 0.965926, 6, 0.8, 0)
script = ExtResource("3_h2yge")
focus_path = NodePath("../Player")

[node name="Camera3D" type="Camera3D" parent="CameraPivot"]
transform = Transform3D(1, 0, 0, 0, 1, 0, 0, 0, 1, 0, 0, 13.9773)
fov = 65.0

[node name="OmniLight3D" type="OmniLight3D" parent="."]
transform = Transform3D(1, 0, 0, 0, 1, 0, 0, 0, 1, 2.44112, 2.06858, 0)
light_color = Color(0.871277, 0.781603, 0.721836, 1)
light_energy = 1.43
omni_range = 5.398

[node name="OmniLight3D2" type="OmniLight3D" parent="."]
transform = Transform3D(1, 0, 0, 0, 1, 0, 0, 0, 1, -3.9104, -6.98206, 0)
light_color = Color(0.871277, 0.781603, 0.721836, 1)
light_energy = 1.43
omni_range = 7.83024
